DQN_Episode(1).h5: 1738.1439718002991
DQN_Episode(2).h5: 4112.489287584504
DQN_Episode(59).h5: 4235.644918960772
DQN_Episode(139).h5: 7874.882716159767
DQN_Episode(287).h5: 9124.046432767296
DQN_Episode(1).h5: -211.3398952584691
DQN_Episode(2).h5: 3789.820674482059
