DQN_Episode(1).h5: 982.5613950120434
DQN_Episode(6).h5: 2884.092095084164
DQN_Episode(16).h5: 4161.842163916188
DQN_Episode(67).h5: 5306.4544567754565
DQN_Episode(76).h5: 5524.713555766163
DQN_Episode(147).h5: 5906.136862345973
DQN_Episode(334).h5: 6709.276311394658
